0 0 0 0 0 0 0 0 0 0 0 0 0 0 0 0 0 0 57 57 59 54 59 63 61 54 61 63 60 53 48 48 62 73 83 91 92 93 80 76 64 59 72 85 94 94 84 84 81 82
0 0 0 0 0 0 0 0 0 0 0 0 0 0 0 0 0 0 0 57 60 57 58 64 61 55 58 63 67 62 54 49 53 58 72 83 84 89 79 63 51 51 74 85 86 91 88 76 79 73
0 0 0 0 0 0 0 0 0 0 0 0 0 0 0 0 0 0 0 59 55 52 53 57 56 55 56 60 64 64 68 64 59 53 61 69 74 81 74 62 54 56 84 79 77 85 88 86 83 80
0 0 0 0 0 0 0 0 0 0 0 0 0 0 0 0 0 36 61 58 52 48 51 55 55 59 59 60 60 64 71 75 76 64 58 63 71 74 75 72 69 70 70 67 72 79 82 96 87 92
0 0 0 0 0 0 0 0 0 0 0 0 0 0 0 0 0 50 70 47 43 45 50 54 56 61 58 62 61 63 69 73 74 73 80 85 81 79 75 73 82 75 69 67 65 77 84 90 92 94
0 0 0 0 0 0 0 0 0 0 0 0 0 0 0 0 39 52 75 72 44 53 59 55 59 61 58 66 68 63 67 68 69 76 83 91 92 94 86 77 74 74 68 70 68 80 82 85 91 97
0 0 0 0 0 0 0 0 0 0 0 0 0 0 0 0 38 43 53 66 45 54 64 64 69 63 59 69 66 67 68 69 70 70 74 78 82 88 88 83 70 74 84 86 77 87 91 81 91 102
0 0 0 0 0 0 0 0 0 0 0 0 0 0 64 28 51 57 58 53 51 54 64 70 67 57 59 75 67 67 67 68 72 69 72 75 75 76 92 93 68 69 90 100 84 79 83 85 82 86
0 0 0 0 0 0 0 0 0 0 0 0 0 0 0 54 56 58 64 64 54 58 61 64 68 64 66 66 70 65 65 70 69 74 77 77 76 81 87 89 76 67 90 99 94 86 69 89 103 96
0 0 0 0 0 0 0 0 0 0 0 0 0 0 0 63 57 59 63 65 52 54 59 64 69 70 72 66 75 77 73 66 70 70 69 69 70 76 80 84 77 68 90 103 90 96 95 82 103 97
0 0 0 0 0 0 0 0 0 0 0 0 0 0 48 64 59 61 60 64 57 58 63 68 73 71 73 63 74 76 80 71 69 72 78 78 68 64 73 79 81 71 75 89 101 106 109 101 84 97
0 0 0 0 0 0 0 0 0 0 0 0 0 0 58 58 56 60 56 63 62 62 63 63 66 70 75 67 69 77 79 80 75 70 74 79 77 76 72 78 85 73 73 83 95 107 107 107 86 94
0 0 0 0 0 0 0 0 0 0 0 0 43 0 57 53 53 56 52 52 56 67 71 64 66 73 74 72 67 76 82 81 80 78 67 80 79 88 75 74 85 78 79 83 91 99 111 107 99 86
0 0 0 0 0 0 0 0 0 0 0 0 0 47 52 61 55 55 56 56 53 58 63 66 67 73 74 71 63 68 77 78 80 88 79 73 77 77 82 72 79 74 92 93 96 102 96 99 97 89
0 0 0 0 0 0 0 0 0 0 0 0 61 53 55 52 56 56 62 67 66 63 64 67 64 68 74 74 68 65 72 79 86 96 96 70 83 74 79 73 81 81 100 99 96 100 86 95 91 84
0 0 0 0 0 0 0 0 0 0 0 0 50 60 67 59 49 45 56 64 63 66 64 62 58 63 68 74 75 63 66 74 81 88 101 81 84 84 85 82 85 84 103 106 98 100 85 91 79 81
0 0 0 0 0 0 0 0 0 0 0 0 56 63 57 60 56 50 55 59 56 65 70 68 72 60 62 64 69 67 68 72 79 78 95 89 78 87 93 95 95 91 103 111 105 101 101 101 82 86
0 0 0 0 0 0 0 0 0 0 0 0 55 56 54 62 59 54 57 62 61 60 63 66 67 75 74 67 60 56 66 68 69 71 77 84 83 77 91 96 96 95 100 106 104 103 111 112 110 114
0 0 0 0 0 0 0 0 0 0 0 48 54 59 45 54 64 58 59 62 65 64 65 66 65 68 75 75 74 73 68 63 69 73 77 90 93 87 89 92 96 97 103 100 107 102 103 110 108 114
0 0 0 0 0 0 0 0 0 0 53 57 62 62 47 50 65 58 57 58 60 63 67 69 66 70 74 76 74 74 73 74 67 75 81 86 91 94 89 92 96 98 108 98 102 102 100 105 102 112
0 0 0 0 0 0 0 0 0 0 50 65 57 58 52 53 57 55 58 65 68 63 60 64 71 72 70 72 77 77 78 80 75 75 91 91 86 93 95 93 95 97 104 101 102 98 104 99 99 108
0 0 0 0 0 0 0 0 0 0 59 58 58 48 54 59 53 50 64 68 64 66 58 66 66 67 70 73 76 77 78 83 88 82 83 96 103 98 94 94 96 100 101 100 96 102 94 102 92 108
0 0 0 0 0 0 0 0 0 39 58 56 50 50 52 55 56 54 64 69 65 70 67 69 69 70 74 74 72 78 74 76 82 89 88 90 100 105 101 98 91 95 100 94 89 104 118 99 100 100
0 0 0 0 0 0 0 0 0 52 56 51 45 50 58 58 63 58 62 67 72 69 64 73 67 73 73 77 77 75 79 72 80 87 87 86 90 94 97 97 90 89 96 98 87 96 107 116 101 112
0 0 0 0 0 0 0 0 56 59 65 59 38 41 62 61 68 62 59 63 67 75 67 63 66 68 67 74 83 72 74 84 94 103 99 86 79 82 88 97 100 89 88 94 86 95 99 116 109 113
0 0 0 0 0 0 0 0 20 59 58 55 55 52 57 59 66 58 58 63 67 76 74 69 69 68 71 58 71 75 72 79 90 93 95 99 94 79 91 96 100 99 89 98 91 96 101 103 112 110
0 0 0 0 0 0 0 0 44 60 60 51 58 62 53 54 55 60 58 60 65 72 78 73 69 77 85 75 67 87 78 74 77 85 87 92 93 83 85 89 98 101 94 95 92 92 99 100 108 106
0 0 0 0 0 0 0 50 56 67 73 56 56 63 62 47 55 67 65 60 63 67 71 73 80 77 82 84 70 82 79 76 80 80 80 86 92 92 85 86 92 99 96 91 95 96 95 102 116 106
0 0 0 0 0 0 0 52 54 56 72 57 58 61 67 56 57 66 69 67 70 71 67 68 77 81 80 83 81 79 87 81 80 79 80 81 81 82 87 90 88 93 96 94 99 103 97 103 115 107
0 0 0 0 0 0 0 56 56 54 69 66 65 61 61 72 55 60 69 72 69 67 70 75 82 85 85 81 77 74 87 89 84 75 78 83 85 89 85 89 89 91 92 93 101 105 102 99 106 105
0 0 0 0 0 0 0 61 55 54 51 61 64 63 61 68 64 63 65 66 74 70 69 75 78 88 89 86 83 77 76 83 85 84 76 80 87 85 90 91 88 93 95 93 100 108 104 99 103 102
0 0 0 0 0 0 59 67 57 56 51 57 56 68 59 61 67 66 69 66 71 68 70 74 75 79 79 82 87 82 76 74 79 84 79 84 93 94 92 96 94 94 98 97 96 108 115 110 102 99
0 0 0 0 0 0 65 68 55 61 65 64 63 69 68 72 65 62 72 73 79 79 76 72 67 72 72 75 78 78 80 74 74 70 73 76 84 96 92 91 99 91 92 98 97 101 116 108 109 111
0 0 0 0 0 27 70 74 56 55 65 73 68 56 61 67 77 65 69 69 77 82 86 85 77 76 74 73 71 73 77 74 82 79 70 74 85 85 94 93 93 94 96 93 96 99 108 107 102 113
0 0 0 0 0 48 66 68 59 60 57 68 68 65 64 63 69 70 66 64 66 73 79 78 81 76 78 75 74 76 82 76 78 82 85 79 75 80 86 88 90 92 91 93 94 96 92 103 103 105
0 0 0 0 0 54 60 62 60 65 60 63 64 63 63 64 60 66 68 67 69 69 66 72 82 82 78 80 76 80 81 79 80 82 78 79 83 82 84 85 90 96 95 95 96 100 103 108 109 115
0 0 0 0 0 60 64 66 62 69 66 67 66 66 66 65 59 61 60 65 69 70 70 71 76 75 73 81 85 75 74 76 76 83 82 85 91 91 92 91 95 98 97 93 94 94 100 107 109 114
0 0 0 0 0 64 69 74 71 75 75 73 70 68 66 62 72 74 73 74 77 81 81 76 72 76 73 68 80 80 77 82 82 84 91 91 93 98 94 92 91 88 88 84 84 91 93 98 104 108
0 0 0 0 66 73 67 66 69 72 73 72 72 74 73 66 77 81 78 73 71 76 88 86 71 76 78 73 76 78 79 85 83 93 96 96 94 91 87 78 77 76 83 84 86 92 85 95 97 96
0 0 0 49 62 71 68 65 70 74 74 73 67 69 74 71 68 73 77 75 75 75 79 83 82 74 80 76 80 83 81 93 90 98 98 90 81 75 80 75 77 76 78 77 80 80 83 90 93 99
0 0 0 71 66 73 73 67 73 77 74 73 74 76 79 77 70 70 74 73 70 74 79 83 84 76 82 80 86 90 87 97 99 91 86 81 77 73 74 74 80 84 84 86 85 82 77 80 77 86
0 64 64 69 66 63 64 65 72 76 70 70 76 76 80 80 79 73 77 76 70 75 79 81 86 81 87 87 91 91 96 98 102 90 83 77 74 72 78 75 77 74 76 78 77 74 71 75 74 83
0 0 60 69 68 66 68 71 74 79 77 75 71 68 73 76 82 82 85 84 79 77 80 80 85 82 89 92 95 93 103 100 99 91 81 74 75 79 81 74 70 64 73 78 71 70 58 59 61 65
0 33 61 65 63 66 73 76 73 76 83 82 81 75 77 79 76 80 80 83 88 83 88 83 82 84 89 100 101 103 103 95 92 90 79 77 80 75 73 68 63 54 51 57 47 49 45 49 57 54
0 58 67 58 58 62 67 73 76 76 78 79 79 75 77 78 82 82 79 80 88 85 87 85 85 82 84 94 99 101 102 101 99 77 60 68 84 81 78 65 67 72 82 86 78 77 76 80 94 112
0 63 69 67 72 70 69 73 75 75 70 69 83 80 83 83 89 90 85 81 84 79 85 86 89 90 92 100 105 109 110 106 87 67 78 84 79 82 113 131 145 141 146 130 100 76 61 68 70 102
65 71 69 61 68 67 66 71 72 69 69 80 78 77 80 80 78 87 85 81 85 82 86 86 90 97 100 109 110 111 107 99 78 78 99 94 117 173 173 149 129 114 105 81 60 51 59 85 81 93
69 72 67 69 70 73 71 72 73 76 81 81 75 82 83 78 81 80 83 84 89 81 79 90 93 97 106 108 114 111 104 78 74 95 113 147 185 182 158 131 104 94 93 87 73 73 54 62 60 81
70 72 70 66 68 72 72 73 73 77 83 82 83 86 84 79 81 87 75 78 91 84 84 96 102 98 102 107 114 114 96 76 89 103 141 176 182 167 158 144 127 121 123 121 93 98 90 92 88 88
69 63 62 68 75 81 75 68 67 72 79 79 78 82 83 81 88 83 79 82 88 89 90 99 106 99 102 108 109 105 86 79 113 142 175 187 175 159 154 152 144 141 148 159 147 138 102 86 82 104
