0 0 0 0 0 0 0 0 0 0 0 0 0 0 0 0 0 0 0 0 0 0 0 0 0 0 0 0 0 0 0 0 0 0 0 0 0 0 0 0 0 0 0 0 0 0 0 0 0 0 0 0 0 0 0 0 0 0 0 0 0 0 0 0 0 0 0 0 0 0 0 0
0 0 0 0 0 0 0 0 0 0 0 0 0 0 0 0 0 0 0 0 0 0 0 0 0 0 0 0 0 0 0 0 0 0 0 0 0 0 0 0 0 0 0 0 0 0 0 0 0 0 0 0 0 0 0 0 0 0 0 0 0 0 0 0 0 0 0 0 0 0 0 0
0 0 0 0 0 0 0 0 0 0 0 0 0 0 0 0 0 0 0 0 0 0 0 0 0 0 0 0 0 0 0 0 0 0 0 0 0 0 0 0 0 0 0 0 0 0 0 0 0 0 0 0 0 0 0 0 0 0 0 0 0 0 0 0 0 0 0 0 0 0 0 0
0 0 0 0 0 0 0 0 0 0 0 0 0 0 0 0 0 0 0 0 0 0 0 0 0 0 0 0 0 0 0 0 0 0 0 0 0 0 0 0 0 0 0 0 0 0 0 0 0 0 0 0 0 0 0 0 0 0 0 0 0 0 0 0 0 0 0 0 0 0 0 0
0 0 0 0 0 0 0 0 0 0 0 0 0 0 0 0 0 0 0 0 0 0 0 0 0 0 0 0 0 0 0 0 0 0 0 0 0 0 0 0 0 0 0 0 0 0 0 0 0 0 0 0 0 0 0 0 0 0 0 0 0 0 0 0 0 0 0 0 0 0 0 0
0 0 0 0 0 0 0 0 0 0 0 0 0 0 0 0 0 0 0 0 0 0 0 0 0 0 0 0 0 0 0 0 0 0 0 0 0 0 0 0 0 0 0 0 0 0 0 0 0 0 0 0 0 0 0 0 0 0 0 0 0 0 0 0 0 0 0 0 0 0 0 0
0 0 0 0 0 0 0 0 0 0 0 0 0 0 0 0 0 0 0 0 0 0 0 0 0 0 0 90 167 264 339 439 541 647 647 647 647 647 647 647 647 647 647 647 647 647 647 647 647 647 647 647 647 647 647 647 647 647 647 647 647 647 647 647 647 647 647 647 647 647 647 647
0 0 0 0 0 0 0 0 0 0 0 0 0 0 0 0 0 0 0 0 0 0 0 0 140 235 321 496 602 722 825 1020 1237 1428 1505 1604 1719 1719 1719 1719 1719 1719 1719 1719 1719 1719 1719 1719 1719 1719 1719 1719 1719 1719 1719 1719 1719 1719 1719 1719 1719 1719 1719 1719 1719 1719 1719 1719 1719 1719 1719 1719
0 0 0 0 0 0 0 0 0 0 0 0 0 0 0 0 0 0 0 0 0 34 85 140 410 599 818 1068 1201 1349 1484 1748 2064 2375 2564 2771 2944 3003 3147 3147 3147 3147 3147 3147 3147 3147 3147 3147 3147 3147 3147 3147 3147 3147 3147 3147 3147 3147 3147 3147 3147 3147 3147 3147 3147 3147 3147 3147 3147 3147 3147 3147
0 0 0 0 0 0 0 0 0 0 0 0 0 0 0 0 0 0 0 0 86 168 246 333 701 1009 1323 1700 1861 2034 2193 2543 2976 3405 3705 4011 4210 4296 4470 4532 4650 4650 4650 4650 4650 4650 4650 4650 4650 4650 4650 4650 4650 4650 4650 4650 4650 4650 4650 4650 4650 4650 4650 4650 4650 4650 4650 4650 4650 4650 4650 4650
0 0 0 0 0 0 0 0 0 0 0 0 0 0 0 0 0 0 130 227 452 592 702 833 1325 1794 2267 2715 2903 3103 3291 3693 4231 4769 5156 5599 5824 5935 6138 6285 6466 6536 6656 6656 6656 6656 6656 6656 6656 6656 6656 6656 6656 6656 6656 6656 6656 6656 6656 6656 6656 6656 6656 6656 6656 6656 6656 6656 6656 6656 6656 6656
0 0 0 0 0 0 0 0 0 0 0 0 0 0 0 0 0 125 420 611 926 1109 1244 1411 2040 2668 3276 3872 4080 4298 4508 4989 5662 6342 6875 7390 7641 7781 8025 8286 8557 8706 8901 8981 9069 9154 9291 9405 9556 9699 9856 10029 10029 10029 10029 10029 10029 10029 10029 10029 10029 10029 10029 10162 10326 10487 10487 10487 10487 10487 10487 10487
0 0 0 0 0 0 0 0 0 0 0 0 0 0 0 0 122 440 913 1318 1820 2035 2188 2410 3169 3918 4697 5443 5663 5887 6110 6650 7441 8275 8946 9586 9863 10031 10300 10646 11017 11248 11480 11581 11702 11839 12059 12286 12573 12865 13022 13195 13195 13195 13195 13195 13195 13195 13195 13195 13195 13388 13553 13861 14204 14548 14548 14548 14548 14548 14548 14548
0 0 0 0 0 0 0 0 0 0 0 0 0 0 0 106 323 774 1389 1939 2643 2889 3068 3388 4280 5187 6089 6974 7227 7467 7709 8332 9277 10248 11066 11848 12146 12338 12635 13090 13616 13944 14200 14328 14514 14755 15048 15378 15788 16230 16387 16560 16560 16560 16560 16560 16560 16560 16560 16560 16712 17070 17402 17876 18403 18747 18747 18747 18747 18747 18747 18747
0 0 0 0 0 0 0 0 0 0 0 0 0 0 122 306 594 1140 1826 2551 3364 3652 3853 4236 5281 6346 7403 8432 8706 8960 9208 9854 10953 12066 13050 13978 14301 14506 14810 15333 15995 16441 16733 16885 17158 17501 17879 18264 18798 19240 19397 19570 19570 19570 19570 19570 19570 19570 19738 19893 20204 20727 21225 21864 22574 22918 22918 22918 22918 22918 22918 22918
0 0 0 0 0 0 0 0 0 0 0 0 0 127 318 584 995 1622 2446 3288 4251 4578 4818 5269 6463 7712 8916 10111 10407 10677 10942 11623 12869 14135 15270 16360 16716 16933 17251 17865 18631 19241 19628 19805 20108 20556 21017 21421 22025 22467 22624 22797 22797 22797 22797 22797 22797 22931 23247 23554 24029 24721 25394 26214 26924 27268 27268 27268 27268 27268 27268 27268
0 0 0 0 0 0 0 0 0 0 0 0 128 319 574 919 1423 2229 3149 4117 5163 5528 5796 6306 7628 9056 10440 11742 12055 12344 12628 13323 14723 16161 17461 18715 19097 19322 19645 20280 21199 21963 22475 22673 23000 23547 24103 24534 25229 25671 25828 26001 26001 26001 26001 26066 26190 26447 26896 27351 27990 28860 29706 30715 31425 31769 31769 31769 31769 31769 31769 31769
0 0 0 0 0 0 0 0 0 0 0 106 315 542 846 1267 1863 2774 3838 4926 6080 6498 6813 7394 8865 10465 12034 13426 13759 14066 14367 15080 16650 18251 19701 21106 21534 21770 22106 22766 23840 24755 25411 25622 25966 26562 27231 27693 28464 28906 29063 29236 29236 29255 29359 29522 29771 30165 30753 31369 32180 33234 34254 35263 35973 36317 36317 36317 36317 36317 36317 36317
0 0 0 0 0 0 0 0 0 0 167 374 668 912 1366 1857 2537 3567 4779 6008 7245 7709 8068 8743 10396 12180 13942 15477 15837 16161 16480 17236 18944 20694 22285 23865 24348 24596 24940 25619 26849 27921 28723 28954 29305 29925 30704 31257 32058 32578 32792 33089 33173 33283 33480 33752 34119 34651 35388 36170 37151 38390 39410 40419 41129 41473 41473 41473 41473 41473 41473 41473
0 0 0 0 0 0 0 0 0 102 354 670 1026 1299 1907 2508 3321 4539 5922 7300 8621 9210 9626 10425 12276 14226 16171 17777 18161 18511 18859 19675 21526 23442 25208 26955 27479 27738 28092 28807 30197 31426 32374 32619 32978 33649 34552 35210 36033 36583 36893 37269 37437 37644 37950 38339 38839 39518 40413 41365 42531 43971 44991 46000 46710 47054 47054 47054 47054 47054 47054 47054
0 0 0 0 0 0 0 0 134 332 718 1170 1632 2008 2752 3526 4505 5878 7480 9047 10472 11212 11694 12585 14638 16771 18920 20614 21028 21412 21791 22668 24687 26773 28714 30636 31206 31489 31870 32661 34225 35626 36737 37010 37391 38113 39169 39984 40841 41493 41940 42435 42698 43009 43426 43935 44577 45407 46464 47596 48953 50393 51413 52422 53132 53476 53476 53476 53476 53476 53476 53476
0 0 0 0 0 0 0 0 158 464 954 1558 2213 2783 3752 4721 5878 7427 9172 10924 12451 13309 13876 14848 17077 19403 21686 23452 23902 24315 24727 25714 27910 30161 32267 34372 35002 35312 35716 36549 38285 39865 41138 41443 41854 42688 43889 44822 45717 46459 47005 47621 47978 48388 48917 49562 50354 51344 52571 53897 55254 56694 57714 58723 59433 59777 59777 59777 59777 59777 59777 59777
0 0 0 0 0 0 0 0 276 727 1399 2207 3047 3847 5041 6158 7467 9246 11154 13020 14649 15633 16316 17377 19736 22229 24664 26516 26995 27447 27903 29021 31390 33822 36118 38395 39084 39419 39848 40774 42677 44415 45850 46184 46623 47557 48897 49972 50905 51748 52431 53154 53620 54131 54776 55560 56503 57647 59042 60545 61902 63342 64362 65371 66081 66425 66425 66425 66425 66425 66425 66425
0 0 0 0 0 0 0 0 431 992 1837 2849 3884 4894 6288 7575 9068 11048 13133 15119 16904 17932 18703 19863 22351 24997 27598 29560 30078 30560 31058 32323 34857 37457 39949 42410 43150 43510 43969 45019 47101 49021 50629 51000 51468 52505 54008 55239 56218 57144 57942 58754 59323 59936 60685 61596 62676 63977 65532 67209 68566 70006 71026 72035 72745 73089 73089 73089 73089 73089 73089 73089
0 0 0 0 0 0 0 0 431 1176 2185 3380 4562 5771 7385 8866 10560 12764 14980 17071 19017 20220 21092 22357 24972 27783 30568 32712 33290 33820 34394 35831 38557 41356 44038 46684 47471 47862 48374 49596 51867 53966 55746 56158 56663 57832 59505 60895 61933 62981 63906 64796 65465 66185 67029 68044 69258 70707 72422 74275 75817 77257 78277 79286 79996 80340 80340 80340 80340 80340 80340 80340
0 0 0 0 0 0 0 0 431 1176 2292 3653 5034 6442 8280 9988 11899 14290 16608 18905 21039 22433 23439 24802 27537 30530 33498 35791 36407 36976 37685 39304 42227 45217 48072 50884 51721 52144 52691 54064 56515 58802 60762 61212 61771 63108 64965 66538 67686 68871 69944 70954 71736 72555 73492 74610 75945 77526 79401 81418 83137 84769 85789 86798 87508 87852 87852 87852 87852 87852 87852 87852
0 0 0 0 0 0 0 0 431 1176 2292 3850 5427 7061 9110 11001 13106 15649 18172 20680 23002 24585 25765 27244 30120 33309 36454 38861 39544 40171 41032 42827 45942 49125 52163 55130 56017 56482 57101 58642 61260 63716 65826 66314 66944 68442 70462 72193 73489 74817 75968 76978 77847 78767 79805 81025 82470 84168 86179 88350 90241 92054 93074 94083 94793 95137 95137 95137 95137 95137 95137 95137
0 0 0 0 0 0 0 0 431 1176 2292 3850 5621 7439 9696 11763 14079 16844 19596 22317 24835 26602 27962 29585 32655 36028 39365 41961 42709 43393 44405 46396 49690 53052 56265 59403 60329 60824 61565 63296 66104 68749 71019 71576 72306 73974 76103 77834 79130 80458 81609 82619 83488 84408 85551 86875 88434 90261 92405 94730 96786 98775 99978 100987 101697 102041 102041 102041 102041 102041 102041 102041
0 0 0 0 0 0 0 0 431 1176 2292 3850 5621 7632 10089 12363 14891 17883 20848 23765 26495 28466 30040 31860 35126 38713 42243 45031 45870 46614 47791 49972 53460 57001 60396 63696 64670 65206 66113 68022 71010 73827 76231 76852 77741 79558 81798 83611 84907 86235 87386 88396 89265 90185 91328 92652 94315 96262 98531 101003 103220 105384 106778 107971 108681 109025 109025 109025 109025 109025 109025 109025
0 0 0 0 0 0 0 0 431 1176 2292 3850 5621 7632 10270 12746 15490 18691 21863 25001 27935 30105 31895 33938 37410 41189 44937 47932 48954 49791 51138 53504 57179 60915 64482 67909 68944 69646 70750 72844 76004 78979 81526 82249 83274 85226 87576 89480 90901 92229 93380 94390 95259 96179 97322 98646 100309 102256 104647 107263 109632 111965 113535 114919 115629 115973 115973 115973 115973 115973 115973 115973
0 0 0 0 0 0 0 0 431 1176 2292 3850 5621 7632 10270 12930 15865 19267 22644 25992 29128 31507 33514 35770 39461 43442 47392 50575 51775 52734 54231 56758 60590 64500 68246 71806 72943 73797 75084 77349 80677 83817 86496 87324 88472 90531 92980 94968 96483 97811 98962 99972 100841 101761 102904 104228 105891 107838 110229 113022 115539 118035 119786 121356 122250 122594 122594 122594 122594 122594 122594 122594
0 0 0 0 0 0 0 0 431 1176 2292 3850 5621 7632 10270 12930 16058 19647 23222 26769 30122 32703 34911 37361 41248 45420 49565 52937 54319 55437 57112 59824 63834 67935 71849 75569 76871 77889 79363 81805 85289 88565 91369 92307 93555 95696 98218 100284 101884 103315 104466 105476 106345 107265 108408 109732 111395 113342 115733 118526 121043 123698 125615 127361 128437 128974 128974 128974 128974 128974 128974 128974
0 0 0 0 0 0 0 0 431 1176 2292 3850 5621 7632 10270 12930 16058 19647 23424 27168 30723 33511 35926 38549 42609 46961 51276 54836 56410 57711 59570 62474 66674 70967 75065 78965 80449 81639 83277 85854 89463 92852 95751 96775 98093 100302 102898 105049 106731 108254 109524 110534 111403 112323 113466 114790 116453 118400 120791 123584 126101 128756 130673 132597 133853 134570 134570 134570 134570 134570 134570 134570
0 0 0 0 0 0 0 0 431 1176 2292 3850 5621 7632 10270 12930 16058 19647 23424 27168 30864 33850 36462 39264 43511 48034 52495 56172 57848 59250 61227 64270 68610 73045 77321 81403 83024 84347 86115 88815 92516 96008 99001 100121 101519 103822 106532 108783 110588 112132 113402 114412 115281 116201 117344 118668 120331 122278 124669 127462 129979 132634 134551 136475 137731 138448 138448 138448 138448 138448 138448 138448
0 0 0 0 0 0 0 0 431 1176 2292 3850 5621 7632 10270 12930 16058 19647 23424 27168 30864 33850 36462 39264 43673 48380 53020 56863 58707 60267 62388 65591 70106 74696 78972 83054 84675 85998 87766 90466 94167 97659 100652 101772 103170 105473 108183 110434 112239 113783 115053 116063 116932 117852 118995 120319 121982 123929 126320 129113 131630 134285 136202 138126 139382 140099 140099 140099 140099 140099 140099 140099
0 0 0 0 0 0 0 0 431 1176 2292 3850 5621 7632 10270 12930 16058 19647 23424 27168 30864 33850 36462 39264 43673 48380 53020 56863 58904 60630 62777 65980 70495 75085 79361 83443 85064 86387 88155 90855 94556 98048 101041 102161 103559 105862 108572 110823 112628 114172 115442 116452 117321 118241 119384 120708 122371 124318 126709 129502 132019 134674 136591 138515 139771 140488 140488 140488 140488 140488 140488 140488
0 0 0 0 0 0 0 0 431 1176 2292 3850 5621 7632 10270 12930 16058 19647 23424 27168 30864 33850 36462 39264 43673 48380 53020 56863 58904 60630 62777 65980 70495 75085 79361 83443 85064 86387 88155 90855 94556 98048 101041 102161 103559 105862 108572 110823 112628 114172 115442 116452 117321 118241 119384 120708 122371 124318 126709 129502 132019 134674 136591 138515 139771 140488 140488 140488 140488 140488 140488 140488
0 0 0 0 0 0 0 0 431 1176 2292 3850 5621 7632 10270 12930 16058 19647 23424 27168 30864 33850 36462 39264 43673 48380 53020 56863 58904 60630 62777 65980 70495 75085 79361 83443 85064 86387 88155 90855 94556 98048 101041 102161 103559 105862 108572 110823 112628 114172 115442 116452 117321 118241 119384 120708 122371 124318 126709 129502 132019 134674 136591 138515 139771 140488 140488 140488 140488 140488 140488 140488
0 0 0 0 0 0 0 0 431 1176 2292 3850 5621 7632 10270 12930 16058 19647 23424 27168 30864 33850 36462 39264 43673 48380 53020 56863 58904 60630 62777 65980 70495 75085 79361 83443 85064 86387 88155 90855 94556 98048 101041 102161 103559 105862 108572 110823 112628 114172 115442 116452 117321 118241 119384 120708 122371 124318 126709 129502 132019 134674 136591 138515 139771 140488 140488 140488 140488 140488 140488 140488
0 0 0 0 0 0 0 0 431 1176 2292 3850 5621 7632 10270 12930 16058 19647 23424 27168 30864 33850 36462 39264 43673 48380 53020 56863 58904 60630 62777 65980 70495 75085 79361 83443 85064 86387 88155 90855 94556 98048 101041 102161 103559 105862 108572 110823 112628 114172 115442 116452 117321 118241 119384 120708 122371 124318 126709 129502 132019 134674 136591 138515 139771 140488 140488 140488 140488 140488 140488 140488
0 0 0 0 0 0 0 0 431 1176 2292 3850 5621 7632 10270 12930 16058 19647 23424 27168 30864 33850 36462 39264 43673 48380 53020 56863 58904 60630 62777 65980 70495 75085 79361 83443 85064 86387 88155 90855 94556 98048 101041 102161 103559 105862 108572 110823 112628 114172 115442 116452 117321 118241 119384 120708 122371 124318 126709 129502 132019 134674 136591 138515 139771 140488 140488 140488 140488 140488 140488 140488
