0 0 0 0 0 0 0 0 0 0 0 0 0 0 0 0
0 0 0 0 0 0 0 0 0 0 0 0 0 0 0 0
0 0 0 0 0 0 0 0 0 0 0 0 0 0 0 0
0 0 0 0 0 184 362 526 683 843 843 843 843 843 843 843
0 0 0 0 0 331 673 1007 1329 1636 1784 1784 1784 1784 1784 1784
0 0 0 0 155 636 1161 1681 2196 2665 2953 2953 2953 2953 2953 2953
0 0 0 0 288 910 1606 2296 2985 3614 4041 4041 4041 4041 4041 4041
0 0 0 0 419 1141 1952 2767 3585 4342 4900 4900 4900 4900 4900 4900
0 0 0 0 419 1243 2143 3048 3958 4816 5502 5502 5502 5502 5502 5502
0 0 0 0 633 1649 2681 3698 4721 5713 6571 6796 6796 6796 6796 6796
0 0 0 0 798 1978 3181 4376 5572 6728 7738 8132 8132 8132 8132 8132
0 0 0 0 921 2228 3545 4858 6174 7453 8597 9143 9143 9143 9143 9143
0 0 0 0 921 2374 3820 5264 6713 8116 9260 9806 9806 9806 9806 9806
0 0 0 0 921 2528 4137 5757 7380 8931 10075 10621 10621 10621 10621 10621
0 0 0 0 921 2682 4469 6276 8088 9803 11105 11651 11651 11651 11651 11651
0 0 0 0 1081 2999 4976 6974 8980 10867 12326 13085 13085 13085 13085 13085
0 0 0 0 1228 3313 5482 7671 9863 11917 13525 14442 14442 14442 14442 14442
0 0 0 166 1544 3787 6126 8477 10835 13049 14802 15873 16056 16056 16056 16056
0 0 0 330 1872 4288 6806 9339 11882 14268 16169 17392 17736 17736 17736 17736
0 0 0 480 2181 4780 7489 10201 12932 15508 17582 18955 19448 19448 19448 19448
0 0 0 622 2445 5171 8015 10861 13727 16433 18629 20127 20769 20769 20769 20769
0 0 0 766 2742 5635 8653 11671 14713 17597 19966 21628 22433 22433 22433 22433
0 0 0 766 2742 5635 8653 11671 14713 17597 19966 21628 22433 22433 22433 22433
0 0 0 766 2742 5635 8653 11671 14713 17597 19966 21628 22433 22433 22433 22433
