0 0 0 0 0 0 0 0 0 0 0 0 0 0 0 0
0 0 0 0 0 0 0 0 0 0 0 0 0 0 0 0
0 0 0 0 0 0 0 0 0 0 0 0 0 0 0 0
0 0 0 0 0 119 212 283 344 413 413 413 413 413 413 413
0 0 0 0 0 171 326 454 564 660 710 710 710 710 710 710
0 0 0 0 83 314 568 781 989 1136 1225 1225 1225 1225 1225 1225
0 0 0 0 154 448 794 1078 1356 1557 1689 1689 1689 1689 1689 1689
0 0 0 0 239 568 952 1275 1589 1825 2006 2006 2006 2006 2006 2006
0 0 0 0 239 613 1016 1355 1682 1937 2180 2180 2180 2180 2180 2180
0 0 0 0 419 928 1382 1749 2090 2374 2700 2891 2891 2891 2891 2891
0 0 0 0 519 1101 1618 2047 2441 2767 3133 3414 3414 3414 3414 3414
0 0 0 0 581 1216 1778 2245 2673 3031 3436 3799 3799 3799 3799 3799
0 0 0 0 581 1310 1936 2459 2935 3325 3730 4093 4093 4093 4093 4093
0 0 0 0 581 1398 2113 2725 3273 3703 4108 4471 4471 4471 4471 4471
0 0 0 0 581 1478 2301 3009 3648 4128 4586 4949 4949 4949 4949 4949
0 0 0 0 674 1647 2590 3397 4134 4670 5166 5691 5691 5691 5691 5691
0 0 0 0 750 1804 2855 3751 4567 5152 5677 6267 6267 6267 6267 6267
0 0 0 97 917 2043 3181 4133 5008 5642 6186 6814 6915 6915 6915 6915
0 0 0 186 1078 2273 3478 4494 5446 6143 6705 7357 7506 7506 7506 7506
0 0 0 266 1229 2524 3837 4920 5959 6751 7378 8058 8257 8257 8257 8257
0 0 0 347 1358 2703 4069 5195 6273 7096 7740 8434 8676 8676 8676 8676
0 0 0 418 1495 2917 4359 5546 6687 7572 8269 9003 9297 9297 9297 9297
0 0 0 418 1495 2917 4359 5546 6687 7572 8269 9003 9297 9297 9297 9297
0 0 0 418 1495 2917 4359 5546 6687 7572 8269 9003 9297 9297 9297 9297
