0 0 0 0 0 0 0 0 0 0 0 0 0 0 0 0
0 0 0 0 0 0 0 0 0 0 0 0 0 0 0 0
0 0 0 0 0 0 0 0 0 0 0 0 0 0 0 0
0 0 0 0 0 239 480 715 948 1183 1183 1183 1183 1183 1183 1183
0 0 0 0 0 468 949 1428 1904 2374 2602 2602 2602 2602 2602 2602
0 0 0 0 224 919 1646 2375 3103 3814 4265 4265 4265 4265 4265 4265
0 0 0 0 421 1327 2288 3257 4229 5174 5841 5841 5841 5841 5841 5841
0 0 0 0 605 1682 2833 4003 5181 6333 7205 7205 7205 7205 7205 7205
0 0 0 0 605 1847 3161 4496 5847 7182 8252 8252 8252 8252 8252 8252
0 0 0 0 854 2340 3862 5387 6937 8495 9809 10062 10062 10062 10062 10062
0 0 0 0 1082 2807 4575 6348 8146 9952 11504 11994 11994 11994 11994 11994
0 0 0 0 1271 3193 5139 7097 9085 11089 12855 13558 13558 13558 13558 13558
0 0 0 0 1271 3394 5536 7694 9889 12097 13863 14566 14566 14566 14566 14566
0 0 0 0 1271 3610 5980 8379 10817 13254 15020 15723 15723 15723 15723 15723
0 0 0 0 1271 3830 6439 9086 11774 14451 16451 17154 17154 17154 17154 17154
0 0 0 0 1493 4277 7131 10028 12967 15889 18127 19079 19079 19079 19079 19079
0 0 0 0 1708 4726 7828 10976 14165 17331 19804 20988 20988 20988 20988 20988
0 0 0 229 2157 5403 8740 12125 15555 18961 21668 23089 23334 23334 23334 23334
0 0 0 460 2623 6113 9699 13334 17016 20671 23618 25278 25765 25765 25765 25765
0 0 0 677 3070 6806 10642 14526 18460 22367 25561 27455 28170 28170 28170 28170
0 0 0 884 3473 7409 11452 15545 19691 23808 27209 29316 30262 30262 30262 30262
0 0 0 1097 3914 8089 12377 16716 21111 25480 29132 31485 32673 32673 32673 32673
0 0 0 1097 3914 8089 12377 16716 21111 25480 29132 31485 32673 32673 32673 32673
0 0 0 1097 3914 8089 12377 16716 21111 25480 29132 31485 32673 32673 32673 32673
